sdf:
  origin: [-1, -1.5, 0]
  cell_size: 0.04
  dimensions: [50, 88, 75]
  data:
    z_level_0:
      - [0.994967, 0.954967, 0.914967, 0.874967, 0.834967, 0.794967, 0.754967, 0.714967, 0.674967, 0.634967, 0.618399, 0.578399, 0.56183, 0.545262, 0.528693, 0.512125, 0.495556, 0.478988, 0.462419, 0.445851, 0.429282, 0.416569, 0.416569, 0.416569, 0.429282, 0.445851, 0.462419, 0.445851, 0.429282, 0.416569, 0.4, 0.416569, 0.429282, 0.445851, 0.462419, 0.478988, 0.495556, 0.512125, 0.528693, 0.545262, 0.56183, 0.578399, 0.618399, 0.634967, 0.674967, 0.714967, 0.754967, 0.794967, 0.834967, 0.874967]
      - [0.978399, 0.938399, 0.898399, 0.858399, 0.818399, 0.778399, 0.738399, 0.698399, 0.658399, 0.618399, 0.578399, 0.56183, 0.52183, 0.505262, 0.488693, 0.472125, 0.455556, 0.438988, 0.422419, 0.405851, 0.389282, 0.376569, 0.376569, 0.376569, 0.389282, 0.405851, 0.422419, 0.405851, 0.389282, 0.376569, 0.36, 0.376569, 0.389282, 0.405851, 0.422419, 0.438988, 0.455556, 0.472125, 0.488693, 0.505262, 0.52183, 0.56183, 0.578399, 0.618399, 0.658399, 0.698399, 0.738399, 0.778399, 0.818399, 0.858399]
      - [0.96183, 0.92183, 0.88183, 0.84183, 0.80183, 0.76183, 0.72183, 0.68183, 0.64183, 0.60183, 0.56183, 0.52183, 0.505262, 0.465262, 0.448693, 0.432125, 0.415556, 0.398988, 0.382419, 0.365851, 0.349282, 0.336569, 0.336569, 0.336569, 0.349282, 0.365851, 0.382419, 0.365851, 0.349282, 0.336569, 0.32, 0.336569, 0.349282, 0.365851, 0.382419, 0.398988, 0.415556, 0.432125, 0.448693, 0.465262, 0.505262, 0.52183, 0.56183, 0.60183, 0.64183, 0.68183, 0.72183, 0.76183, 0.80183, 0.84183]
      - [0.945262, 0.905262, 0.865262, 0.825262, 0.785262, 0.745262, 0.705262, 0.665262, 0.625262, 0.585262, 0.545262, 0.505262, 0.465262, 0.448693, 0.408693, 0.392125, 0.375556, 0.358988, 0.342419, 0.325851, 0.309282, 0.296569, 0.296569, 0.296569, 0.309282, 0.325851, 0.342419, 0.325851, 0.309282, 0.296569, 0.28, 0.296569, 0.309282, 0.325851, 0.342419, 0.358988, 0.375556, 0.392125, 0.408693, 0.448693, 0.465262, 0.505262, 0.545262, 0.585262, 0.625262, 0.665262, 0.705262, 0.745262, 0.785262, 0.825262]
      - [0.928693, 0.888693, 0.848693, 0.808693, 0.768693, 0.728693, 0.688693, 0.648693, 0.608693, 0.568693, 0.528693, 0.488693, 0.448693, 0.408693, 0.392125, 0.352125, 0.335556, 0.318988, 0.302419, 0.285851, 0.269282, 0.256569, 0.256569, 0.256569, 0.269282, 0.285851, 0.302419, 0.285851, 0.269282, 0.256569, 0.24, 0.256569, 0.269282, 0.285851, 0.302419, 0.318988, 0.335556, 0.352125, 0.392125, 0.408693, 0.448693, 0.488693, 0.528693, 0.568693, 0.608693, 0.648693, 0.688693, 0.728693, 0.768693, 0.808693]
      - [0.912125, 0.872125, 0.832125, 0.792125, 0.752125, 0.712125, 0.672125, 0.632125, 0.592125, 0.552125, 0.512125, 0.472125, 0.432125, 0.392125, 0.352125, 0.335556, 0.295556, 0.278988, 0.262419, 0.245851, 0.229282, 0.216569, 0.216569, 0.216569, 0.229282, 0.245851, 0.262419, 0.245851, 0.229282, 0.216569, 0.2, 0.216569, 0.229282, 0.245851, 0.262419, 0.278988, 0.295556, 0.335556, 0.352125, 0.392125, 0.432125, 0.472125, 0.512125, 0.552125, 0.592125, 0.632125, 0.672125, 0.712125, 0.752125, 0.792125]
      - [0.895556, 0.855556, 0.815556, 0.775556, 0.735556, 0.695556, 0.655556, 0.615556, 0.575556, 0.535556, 0.495556, 0.455556, 0.415556, 0.375556, 0.335556, 0.295556, 0.278988, 0.238988, 0.222419, 0.205851, 0.189282, 0.176569, 0.176569, 0.176569, 0.189282, 0.205851, 0.222419, 0.205851, 0.189282, 0.176569, 0.16, 0.176569, 0.189282, 0.205851, 0.222419, 0.238988, 0.278988, 0.295556, 0.335556, 0.375556, 0.415556, 0.455556, 0.495556, 0.535556, 0.575556, 0.615556, 0.655556, 0.695556, 0.735556, 0.775556]
      - [0.878988, 0.838988, 0.798988, 0.758988, 0.718988, 0.678988, 0.638988, 0.598988, 0.558988, 0.518988, 0.478988, 0.438988, 0.398988, 0.358988, 0.318988, 0.278988, 0.238988, 0.222419, 0.182419, 0.165851, 0.149282, 0.136569, 0.136569, 0.136569, 0.149282, 0.165851, 0.182419, 0.165851, 0.149282, 0.136569, 0.12, 0.136569, 0.149282, 0.165851, 0.182419, 0.222419, 0.238988, 0.278988, 0.318988, 0.358988, 0.398988, 0.438988, 0.478988, 0.518988, 0.558988, 0.598988, 0.638988, 0.678988, 0.718988, 0.758988]
      - [0.862419, 0.822419, 0.782419, 0.742419, 0.702419, 0.662419, 0.622419, 0.582419, 0.542419, 0.502419, 0.462419, 0.422419, 0.382419, 0.342419, 0.302419, 0.262419, 0.222419, 0.182419, 0.165851, 0.125851, 0.109282, 0.0965685, 0.0965685, 0.0965685, 0.109282, 0.125851, 0.165851, 0.125851, 0.109282, 0.0965685, 0.08, 0.0965685, 0.109282, 0.125851, 0.165851, 0.182419, 0.222419, 0.262419, 0.302419, 0.342419, 0.382419, 0.422419, 0.462419, 0.502419, 0.542419, 0.582419, 0.622419, 0.662419, 0.702419, 0.742419]
      - [0.845851, 0.805851, 0.765851, 0.725851, 0.685851, 0.645851, 0.605851, 0.565851, 0.525851, 0.485851, 0.445851, 0.405851, 0.365851, 0.325851, 0.285851, 0.245851, 0.205851, 0.165851, 0.125851, 0.109282, 0.069282, 0.0565685, 0.0565685, 0.0565685, 0.069282, 0.109282, 0.125851, 0.109282, 0.069282, 0.0565685, 0.04, 0.0565685, 0.069282, 0.109282, 0.125851, 0.165851, 0.205851, 0.245851, 0.285851, 0.325851, 0.365851, 0.405851, 0.445851, 0.485851, 0.525851, 0.565851, 0.605851, 0.645851, 0.685851, 0.725851]
      - [0.829282, 0.789282, 0.749282, 0.709282, 0.669282, 0.629282, 0.589282, 0.549282, 0.509282, 0.469282, 0.429282, 0.389282, 0.349282, 0.309282, 0.269282, 0.229282, 0.189282, 0.149282, 0.109282, 0.069282, 0.0565685, 0.04, 0.04, 0.04, 0.0565685, 0.069282, 0.109282, 0.069282, 0.0565685, 0.04, -0.04, 0.04, 0.0565685, 0.069282, 0.109282, 0.149282, 0.189282, 0.229282, 0.269282, 0.309282, 0.349282, 0.389282, 0.429282, 0.469282, 0.509282, 0.549282, 0.589282, 0.629282, 0.669282, 0.709282]
      - [0.816569, 0.776569, 0.736569, 0.696569, 0.656569, 0.616569, 0.576569, 0.536569, 0.496569, 0.456569, 0.416569, 0.376569, 0.336569, 0.296569, 0.256569, 0.216569, 0.176569, 0.136569, 0.0965685, 0.0565685, 0.04, -0.04, -0.04, -0.04, 0.04, 0.0565685, 0.0965685, 0.0565685, 0.04, -0.04, -0.0565685, -0.04, 0.04, 0.0565685, 0.0965685, 0.136569, 0.176569, 0.216569, 0.256569, 0.296569, 0.336569, 0.376569, 0.416569, 0.456569, 0.496569, 0.536569, 0.576569, 0.616569, 0.656569, 0.696569]
      - [0.816569, 0.776569, 0.736569, 0.696569, 0.656569, 0.616569, 0.576569, 0.536569, 0.496569, 0.456569, 0.416569, 0.376569, 0.336569, 0.296569, 0.256569, 0.216569, 0.176569, 0.136569, 0.0965685, 0.0565685, 0.04, -0.04, -0.08, -0.0565685, -0.04, 0.04, 0.08, 0.04, -0.04, -0.0565685, -0.08, -0.04, 0.04, 0.0565685, 0.0965685, 0.136569, 0.176569, 0.216569, 0.256569, 0.296569, 0.336569, 0.376569, 0.416569, 0.456569, 0.496569, 0.536569, 0.576569, 0.616569, 0.656569, 0.696569]
      - [0.816569, 0.776569, 0.736569, 0.696569, 0.656569, 0.616569, 0.576569, 0.536569, 0.496569, 0.456569, 0.416569, 0.376569, 0.336569, 0.296569, 0.256569, 0.216569, 0.176569, 0.136569, 0.0965685, 0.0565685, 0.04, -0.04, -0.0565685, -0.04, -0.04, 0.04, 0.08, 0.0565685, 0.04, -0.04, -0.04, -0.04, 0.04, 0.0565685, 0.0965685, 0.136569, 0.176569, 0.216569, 0.256569, 0.296569, 0.336569, 0.376569, 0.416569, 0.456569, 0.496569, 0.536569, 0.576569, 0.616569, 0.656569, 0.696569]
      - [0.829282, 0.789282, 0.749282, 0.709282, 0.669282, 0.629282, 0.589282, 0.549282, 0.509282, 0.469282, 0.429282, 0.389282, 0.349282, 0.309282, 0.269282, 0.229282, 0.189282, 0.149282, 0.109282, 0.069282, 0.0565685, 0.04, -0.04, 0.04, 0.04, 0.0565685, 0.0965685, 0.069282, 0.0565685, 0.04, 0.04, 0.04, 0.04, 0.0565685, 0.0965685, 0.125851, 0.165851, 0.205851, 0.245851, 0.285851, 0.325851, 0.365851, 0.405851, 0.445851, 0.485851, 0.525851, 0.565851, 0.605851, 0.645851, 0.685851]
      - [0.816569, 0.776569, 0.736569, 0.696569, 0.656569, 0.616569, 0.576569, 0.536569, 0.496569, 0.456569, 0.416569, 0.376569, 0.336569, 0.296569, 0.256569, 0.216569, 0.176569, 0.136569, 0.0965685, 0.0565685, 0.04, 0.04, -0.04, 0.04, 0.04, 0.0565685, 0.0965685, 0.069282, 0.0565685, 0.04, 0.04, -0.04, 0.04, 0.0565685, 0.0965685, 0.113137, 0.153137, 0.193137, 0.233137, 0.273137, 0.313137, 0.353137, 0.393137, 0.433137, 0.473137, 0.513137, 0.553137, 0.593137, 0.633137, 0.673137]
      - [0.816569, 0.776569, 0.736569, 0.696569, 0.656569, 0.616569, 0.576569, 0.536569, 0.496569, 0.456569, 0.416569, 0.376569, 0.336569, 0.296569, 0.256569, 0.216569, 0.176569, 0.136569, 0.0965685, 0.0565685, 0.04, -0.04, -0.0565685, -0.04, -0.04, 0.04, 0.069282, 0.0565685, 0.04, -0.04, -0.04, -0.04, 0.04, 0.0565685, 0.0965685, 0.113137, 0.153137, 0.193137, 0.233137, 0.273137, 0.313137, 0.353137, 0.393137, 0.433137, 0.473137, 0.513137, 0.553137, 0.593137, 0.633137, 0.673137]
      - [0.816569, 0.776569, 0.736569, 0.696569, 0.656569, 0.616569, 0.576569, 0.536569, 0.496569, 0.456569, 0.416569, 0.376569, 0.336569, 0.296569, 0.256569, 0.216569, 0.176569, 0.136569, 0.0965685, 0.0565685, 0.04, -0.04, -0.08, -0.08, -0.04, 0.04, 0.0565685, 0.04, -0.04, -0.0565685, -0.08, -0.04, 0.04, 0.0565685, 0.0965685, 0.125851, 0.165851, 0.205851, 0.245851, 0.285851, 0.325851, 0.365851, 0.405851, 0.445851, 0.485851, 0.525851, 0.565851, 0.605851, 0.645851, 0.685851]
      - [0.829282, 0.789282, 0.749282, 0.709282, 0.669282, 0.629282, 0.589282, 0.549282, 0.509282, 0.469282, 0.429282, 0.389282, 0.349282, 0.309282, 0.269282, 0.229282, 0.189282, 0.149282, 0.109282, 0.069282, 0.04, -0.04, -0.0565685, -0.08, -0.04, 0.04, 0.0565685, 0.04, -0.04, -0.0565685, -0.0565685, -0.04, 0.04, 0.0565685, 0.0965685, 0.136569, 0.176569, 0.216569, 0.256569, 0.296569, 0.336569, 0.376569, 0.416569, 0.456569, 0.496569, 0.536569, 0.576569, 0.616569, 0.656569, 0.696569]
      - [0.845851, 0.805851, 0.765851, 0.725851, 0.685851, 0.645851, 0.605851, 0.565851, 0.525851, 0.485851, 0.445851, 0.405851, 0.365851, 0.325851, 0.285851, 0.245851, 0.205851, 0.165851, 0.125851, 0.0965685, 0.0565685, 0.04, -0.04, -0.04, -0.04, 0.04, 0.069282, 0.0565685, 0.04, -0.04, -0.04, 0.04, 0.0565685, 0.069282, 0.109282, 0.149282, 0.189282, 0.229282, 0.269282, 0.309282, 0.349282, 0.389282, 0.429282, 0.469282, 0.509282, 0.549282, 0.589282, 0.629282, 0.669282, 0.709282]
      - [0.862419, 0.822419, 0.782419, 0.742419, 0.702419, 0.662419, 0.622419, 0.582419, 0.542419, 0.502419, 0.462419, 0.422419, 0.382419, 0.342419, 0.302419, 0.262419, 0.222419, 0.182419, 0.149282, 0.109282, 0.069282, 0.0565685, 0.04, 0.04, 0.04, 0.0565685, 0.0965685, 0.0965685, 0.0565685, 0.04, 0.04, 0.0565685, 0.069282, 0.109282, 0.125851, 0.165851, 0.205851, 0.245851, 0.285851, 0.325851, 0.365851, 0.405851, 0.445851, 0.485851, 0.525851, 0.565851, 0.605851, 0.645851, 0.685851, 0.725851]
      - [0.878988, 0.838988, 0.798988, 0.758988, 0.718988, 0.678988, 0.638988, 0.598988, 0.558988, 0.518988, 0.478988, 0.438988, 0.398988, 0.358988, 0.318988, 0.278988, 0.238988, 0.205851, 0.165851, 0.125851, 0.109282, 0.0965685, 0.08, 0.08, 0.08, 0.0965685, 0.113137, 0.113137, 0.0965685, 0.08, 0.08, 0.0965685, 0.109282, 0.125851, 0.165851, 0.182419, 0.222419, 0.262419, 0.302419, 0.342419, 0.382419, 0.422419, 0.462419, 0.502419, 0.542419, 0.582419, 0.622419, 0.662419, 0.702419, 0.742419]
      - [0.895556, 0.855556, 0.815556, 0.775556, 0.735556, 0.695556, 0.655556, 0.615556, 0.575556, 0.535556, 0.495556, 0.455556, 0.415556, 0.375556, 0.335556, 0.295556, 0.262419, 0.222419, 0.182419, 0.165851, 0.149282, 0.136569, 0.12, 0.12, 0.12, 0.136569, 0.153137, 0.153137, 0.136569, 0.12, 0.12, 0.136569, 0.149282, 0.165851, 0.182419, 0.222419, 0.238988, 0.278988, 0.318988, 0.358988, 0.398988, 0.438988, 0.478988, 0.518988, 0.558988, 0.598988, 0.638988, 0.678988, 0.718988, 0.758988]
      - [0.912125, 0.872125, 0.832125, 0.792125, 0.752125, 0.712125, 0.672125, 0.632125, 0.592125, 0.552125, 0.512125, 0.472125, 0.432125, 0.392125, 0.352125, 0.318988, 0.278988, 0.238988, 0.222419, 0.205851, 0.189282, 0.176569, 0.16, 0.16, 0.16, 0.176569, 0.193137, 0.193137, 0.176569, 0.16, 0.16, 0.176569, 0.189282, 0.205851, 0.222419, 0.238988, 0.278988, 0.295556, 0.335556, 0.375556, 0.415556, 0.455556, 0.495556, 0.535556, 0.575556, 0.615556, 0.655556, 0.695556, 0.735556, 0.775556]
      - [0.928693, 0.888693, 0.848693, 0.808693, 0.768693, 0.728693, 0.688693, 0.648693, 0.608693, 0.568693, 0.528693, 0.488693, 0.448693, 0.408693, 0.375556, 0.335556, 0.295556, 0.278988, 0.262419, 0.245851, 0.229282, 0.216569, 0.2, 0.2, 0.2, 0.216569, 0.233137, 0.233137, 0.216569, 0.2, 0.2, 0.216569, 0.229282, 0.245851, 0.262419, 0.278988, 0.295556, 0.335556, 0.352125, 0.392125, 0.432125, 0.472125, 0.512125, 0.552125, 0.592125, 0.632125, 0.672125, 0.712125, 0.752125, 0.792125]
      - [0.945262, 0.905262, 0.865262, 0.825262, 0.785262, 0.745262, 0.705262, 0.665262, 0.625262, 0.585262, 0.545262, 0.505262, 0.465262, 0.432125, 0.392125, 0.352125, 0.335556, 0.318988, 0.302419, 0.285851, 0.269282, 0.256569, 0.24, 0.24, 0.24, 0.256569, 0.273137, 0.273137, 0.256569, 0.24, 0.24, 0.256569, 0.269282, 0.285851, 0.302419, 0.318988, 0.335556, 0.352125, 0.392125, 0.408693, 0.448693, 0.488693, 0.528693, 0.568693, 0.608693, 0.648693, 0.688693, 0.728693, 0.768693, 0.808693]
      - [0.96183, 0.92183, 0.88183, 0.84183, 0.80183, 0.76183, 0.72183, 0.68183, 0.64183, 0.60183, 0.56183, 0.52183, 0.488693, 0.448693, 0.408693, 0.392125, 0.375556, 0.358988, 0.342419, 0.325851, 0.309282, 0.296569, 0.28, 0.28, 0.28, 0.296569, 0.313137, 0.313137, 0.296569, 0.28, 0.28, 0.296569, 0.309282, 0.325851, 0.342419, 0.358988, 0.375556, 0.392125, 0.408693, 0.448693, 0.465262, 0.505262, 0.545262, 0.585262, 0.625262, 0.665262, 0.705262, 0.745262, 0.785262, 0.825262]
      - [0.978399, 0.938399, 0.898399, 0.858399, 0.818399, 0.778399, 0.738399, 0.698399, 0.658399, 0.618399, 0.578399, 0.545262, 0.505262, 0.465262, 0.448693, 0.432125, 0.415556, 0.398988, 0.382419, 0.365851, 0.349282, 0.336569, 0.32, 0.32, 0.32, 0.336569, 0.353137, 0.353137, 0.336569, 0.32, 0.32, 0.336569, 0.349282, 0.365851, 0.382419, 0.398988, 0.415556, 0.432125, 0.448693, 0.465262, 0.505262, 0.52183, 0.56183, 0.60183, 0.64183, 0.68183, 0.72183, 0.76183, 0.80183, 0.84183]
      - [0.994967, 0.954967, 0.914967, 0.874967, 0.834967, 0.794967, 0.754967, 0.714967, 0.674967, 0.634967, 0.60183, 0.56183, 0.52183, 0.505262, 0.488693, 0.472125, 0.455556, 0.438988, 0.422419, 0.405851, 0.389282, 0.376569, 0.36, 0.36, 0.36, 0.376569, 0.393137, 0.393137, 0.376569, 0.36, 0.36, 0.376569, 0.389282, 0.405851, 0.422419, 0.438988, 0.455556, 0.472125, 0.488693, 0.505262, 0.52183, 0.56183, 0.578399, 0.618399, 0.658399, 0.698399, 0.738399, 0.778399, 0.818399, 0.858399]
      - [1.01154, 0.971536, 0.931536, 0.891536, 0.851536, 0.811536, 0.771536, 0.731536, 0.691536, 0.658399, 0.618399, 0.578399, 0.56183, 0.545262, 0.528693, 0.512125, 0.495556, 0.478988, 0.462419, 0.445851, 0.429282, 0.416569, 0.4, 0.4, 0.4, 0.416569, 0.433137, 0.433137, 0.416569, 0.4, 0.4, 0.416569, 0.429282, 0.445851, 0.462419, 0.478988, 0.495556, 0.512125, 0.528693, 0.545262, 0.56183, 0.578399, 0.618399, 0.634967, 0.674967, 0.714967, 0.754967, 0.794967, 0.834967, 0.874967]
      - [1.0281, 0.988105, 0.948105, 0.908105, 0.868105, 0.828105, 0.788105, 0.748105, 0.714967, 0.674967, 0.634967, 0.618399, 0.60183, 0.585262, 0.568693, 0.552125, 0.535556, 0.518988, 0.502419, 0.485851, 0.469282, 0.456569, 0.44, 0.44, 0.44, 0.456569, 0.473137, 0.473137, 0.456569, 0.44, 0.44, 0.456569, 0.469282, 0.485851, 0.502419, 0.518988, 0.535556, 0.552125, 0.568693, 0.585262, 0.60183, 0.618399, 0.634967, 0.674967, 0.691536, 0.731536, 0.771536, 0.811536, 0.851536, 0.891536]
      - [1.04467, 1.00467, 0.964673, 0.924673, 0.884673, 0.844673, 0.804673, 0.771536, 0.731536, 0.691536, 0.674967, 0.658399, 0.64183, 0.625262, 0.608693, 0.592125, 0.575556, 0.558988, 0.542419, 0.525851, 0.509282, 0.496569, 0.48, 0.48, 0.48, 0.496569, 0.513137, 0.513137, 0.496569, 0.48, 0.48, 0.496569, 0.509282, 0.525851, 0.542419, 0.558988, 0.575556, 0.592125, 0.608693, 0.625262, 0.64183, 0.658399, 0.674967, 0.691536, 0.731536, 0.748105, 0.788105, 0.828105, 0.868105, 0.908105]
      - [1.06124, 1.02124, 0.981242, 0.941242, 0.901242, 0.861242, 0.828105, 0.788105, 0.748105, 0.731536, 0.714967, 0.698399, 0.68183, 0.665262, 0.648693, 0.632125, 0.615556, 0.598988, 0.582419, 0.565851, 0.549282, 0.536569, 0.52, 0.52, 0.52, 0.536569, 0.553137, 0.553137, 0.536569, 0.52, 0.52, 0.536569, 0.549282, 0.565851, 0.582419, 0.598988, 0.615556, 0.632125, 0.648693, 0.665262, 0.68183, 0.698399, 0.714967, 0.731536, 0.748105, 0.788105, 0.804673, 0.844673, 0.884673, 0.924673]
      - [1.07781, 1.03781, 0.99781, 0.95781, 0.91781, 0.884673, 0.844673, 0.804673, 0.788105, 0.771536, 0.754967, 0.738399, 0.72183, 0.705262, 0.688693, 0.672125, 0.655556, 0.638988, 0.622419, 0.605851, 0.589282, 0.576569, 0.56, 0.56, 0.56, 0.576569, 0.593137, 0.593137, 0.576569, 0.56, 0.56, 0.576569, 0.589282, 0.605851, 0.622419, 0.638988, 0.655556, 0.672125, 0.688693, 0.705262, 0.72183, 0.738399, 0.754967, 0.771536, 0.788105, 0.804673, 0.844673, 0.861242, 0.901242, 0.941242]
      - [1.09438, 1.05438, 1.01438, 0.974379, 0.941242, 0.901242, 0.861242, 0.844673, 0.828105, 0.811536, 0.794967, 0.778399, 0.76183, 0.745262, 0.728693, 0.712125, 0.695556, 0.678988, 0.662419, 0.645851, 0.629282, 0.616569, 0.6, 0.6, 0.6, 0.616569, 0.633137, 0.633137, 0.616569, 0.6, 0.6, 0.616569, 0.629282, 0.645851, 0.662419, 0.678988, 0.695556, 0.712125, 0.728693, 0.745262, 0.76183, 0.778399, 0.794967, 0.811536, 0.828105, 0.844673, 0.861242, 0.901242, 0.91781, 0.95781]
      - [1.11095, 1.07095, 1.03095, 0.99781, 0.95781, 0.91781, 0.901242, 0.884673, 0.868105, 0.851536, 0.834967, 0.818399, 0.80183, 0.785262, 0.768693, 0.752125, 0.735556, 0.718988, 0.702419, 0.685851, 0.669282, 0.656569, 0.64, 0.64, 0.64, 0.656569, 0.673137, 0.673137, 0.656569, 0.64, 0.64, 0.656569, 0.669282, 0.685851, 0.702419, 0.718988, 0.735556, 0.752125, 0.768693, 0.785262, 0.80183, 0.818399, 0.834967, 0.851536, 0.868105, 0.884673, 0.901242, 0.91781, 0.95781, 0.974379]
      - [1.12752, 1.08752, 1.05438, 1.01438, 0.974379, 0.95781, 0.941242, 0.924673, 0.908105, 0.891536, 0.874967, 0.858399, 0.84183, 0.825262, 0.808693, 0.792125, 0.775556, 0.758988, 0.742419, 0.725851, 0.709282, 0.696569, 0.68, 0.68, 0.68, 0.696569, 0.713137, 0.713137, 0.696569, 0.68, 0.68, 0.696569, 0.709282, 0.725851, 0.742419, 0.758988, 0.775556, 0.792125, 0.808693, 0.825262, 0.84183, 0.858399, 0.874967, 0.891536, 0.908105, 0.924673, 0.941242, 0.95781, 0.974379, 1.01438]
      - [1.14408, 1.11095, 1.07095, 1.03095, 1.01438, 0.99781, 0.981242, 0.964673, 0.948105, 0.931536, 0.914967, 0.898399, 0.88183, 0.865262, 0.848693, 0.832125, 0.815556, 0.798988, 0.782419, 0.765851, 0.749282, 0.736569, 0.72, 0.72, 0.72, 0.736569, 0.753137, 0.753137, 0.736569, 0.72, 0.72, 0.736569, 0.749282, 0.765851, 0.782419, 0.798988, 0.815556, 0.832125, 0.848693, 0.865262, 0.88183, 0.898399, 0.914967, 0.931536, 0.948105, 0.964673, 0.981242, 0.99781, 1.01438, 1.03095]
      - [1.16752, 1.12752, 1.08752, 1.07095, 1.05438, 1.03781, 1.02124, 1.00467, 0.988105, 0.971536, 0.954967, 0.938399, 0.92183, 0.905262, 0.888693, 0.872125, 0.855556, 0.838988, 0.822419, 0.805851, 0.789282, 0.776569, 0.76, 0.76, 0.76, 0.776569, 0.793137, 0.793137, 0.776569, 0.76, 0.76, 0.776569, 0.789282, 0.805851, 0.822419, 0.838988, 0.855556, 0.872125, 0.888693, 0.905262, 0.92183, 0.938399, 0.954967, 0.971536, 0.988105, 1.00467, 1.02124, 1.03781, 1.05438, 1.07095]
      - [1.18408, 1.14408, 1.12752, 1.11095, 1.09438, 1.07781, 1.06124, 1.04467, 1.0281, 1.01154, 0.994967, 0.978399, 0.96183, 0.945262, 0.928693, 0.912125, 0.895556, 0.878988, 0.862419, 0.845851, 0.829282, 0.816569, 0.8, 0.8, 0.8, 0.816569, 0.833137, 0.833137, 0.816569, 0.8, 0.8, 0.816569, 0.829282, 0.845851, 0.862419, 0.878988, 0.895556, 0.912125, 0.928693, 0.945262, 0.96183, 0.978399, 0.994967, 1.01154, 1.0281, 1.04467, 1.06124, 1.07781, 1.09438, 1.11095]
      - [1.20065, 1.18408, 1.16752, 1.15095, 1.13438, 1.11781, 1.10124, 1.08467, 1.0681, 1.05154, 1.03497, 1.0184, 1.00183, 0.985262, 0.968693, 0.952125, 0.935556, 0.918988, 0.902419, 0.885851, 0.869282, 0.856569, 0.84, 0.84, 0.84, 0.856569, 0.873137, 0.873137, 0.856569, 0.84, 0.84, 0.856569, 0.869282, 0.885851, 0.902419, 0.918988, 0.935556, 0.952125, 0.968693, 0.985262, 1.00183, 1.0184, 1.03497, 1.05154, 1.0681, 1.08467, 1.10124, 1.11781, 1.13438, 1.15095]
      - [1.24065, 1.22408, 1.20752, 1.19095, 1.17438, 1.15781, 1.14124, 1.12467, 1.1081, 1.09154, 1.07497, 1.0584, 1.04183, 1.02526, 1.00869, 0.992125, 0.975556, 0.958988, 0.942419, 0.925851, 0.909282, 0.896569, 0.88, 0.88, 0.88, 0.896569, 0.913137, 0.913137, 0.896569, 0.88, 0.88, 0.896569, 0.909282, 0.925851, 0.942419, 0.958988, 0.975556, 0.992125, 1.00869, 1.02526, 1.04183, 1.0584, 1.07497, 1.09154, 1.1081, 1.12467, 1.14124, 1.15781, 1.17438, 1.19095]
      - [1.28065, 1.26408, 1.24752, 1.23095, 1.21438, 1.19781, 1.18124, 1.16467, 1.1481, 1.13154, 1.11497, 1.0984, 1.08183, 1.06526, 1.04869, 1.03212, 1.01556, 0.998988, 0.982419, 0.965851, 0.949282, 0.936569, 0.92, 0.92, 0.92, 0.936569, 0.953137, 0.953137, 0.936569, 0.92, 0.92, 0.936569, 0.949282, 0.965851, 0.982419, 0.998988, 1.01556, 1.03212, 1.04869, 1.06526, 1.08183, 1.0984, 1.11497, 1.13154, 1.1481, 1.16467, 1.18124, 1.19781, 1.21438, 1.23095]
      - [1.32065, 1.30408, 1.28752, 1.27095, 1.25438, 1.23781, 1.22124, 1.20467, 1.1881, 1.17154, 1.15497, 1.1384, 1.12183, 1.10526, 1.08869, 1.07212, 1.05556, 1.03899, 1.02242, 1.00585, 0.989282, 0.976569, 0.96, 0.96, 0.96, 0.976569, 0.993137, 0.993137, 0.976569, 0.96, 0.96, 0.976569, 0.989282, 1.00585, 1.02242, 1.03899, 1.05556, 1.07212, 1.08869, 1.10526, 1.12183, 1.1384, 1.15497, 1.17154, 1.1881, 1.20467, 1.22124, 1.23781, 1.25438, 1.27095]
      - [1.36065, 1.34408, 1.32752, 1.31095, 1.29438, 1.27781, 1.26124, 1.24467, 1.2281, 1.21154, 1.19497, 1.1784, 1.16183, 1.14526, 1.12869, 1.11212, 1.09556, 1.07899, 1.06242, 1.04585, 1.02928, 1.01657, 1, 1, 1, 1.01657, 1.03314, 1.03314, 1.01657, 1, 1, 1.01657, 1.02928, 1.04585, 1.06242, 1.07899, 1.09556, 1.11212, 1.12869, 1.14526, 1.16183, 1.1784, 1.19497, 1.21154, 1.2281, 1.24467, 1.26124, 1.27781, 1.29438, 1.31095]
      - [1.40065, 1.38408, 1.36752, 1.35095, 1.33438, 1.31781, 1.30124, 1.28467, 1.2681, 1.25154, 1.23497, 1.2184, 1.20183, 1.18526, 1.16869, 1.15212, 1.13556, 1.11899, 1.10242, 1.08585, 1.06928, 1.05657, 1.04, 1.04, 1.04, 1.05657, 1.07314, 1.07314, 1.05657, 1.04, 1.04, 1.05657, 1.06928, 1.08585, 1.10242, 1.11899, 1.13556, 1.15212, 1.16869, 1.18526, 1.20183, 1.2184, 1.23497, 1.25154, 1.2681, 1.28467, 1.30124, 1.31781, 1.33438, 1.35095]
      - [1.44065, 1.42408, 1.40752, 1.39095, 1.37438, 1.35781, 1.34124, 1.32467, 1.3081, 1.29154, 1.27497, 1.2584, 1.24183, 1.22526, 1.20869, 1.19212, 1.17556, 1.15899, 1.14242, 1.12585, 1.10928, 1.09657, 1.08, 1.08, 1.08, 1.09657, 1.11314, 1.11314, 1.09657, 1.08, 1.08, 1.09657, 1.10928, 1.12585, 1.14242, 1.15899, 1.17556, 1.19212, 1.20869, 1.22526, 1.24183, 1.2584, 1.27497, 1.29154, 1.3081, 1.32467, 1.34124, 1.35781, 1.37438, 1.39095]
      - [1.48065, 1.46408, 1.44752, 1.43095, 1.41438, 1.39781, 1.38124, 1.36467, 1.3481, 1.33154, 1.31497, 1.2984, 1.28183, 1.26526, 1.24869, 1.23212, 1.21556, 1.19899, 1.18242, 1.16585, 1.14928, 1.13657, 1.12, 1.12, 1.12, 1.13657, 1.15314, 1.15314, 1.13657, 1.12, 1.12, 1.13657, 1.14928, 1.16585, 1.18242, 1.19899, 1.21556, 1.23212, 1.24869, 1.26526, 1.28183, 1.2984, 1.31497, 1.33154, 1.3481, 1.36467, 1.38124, 1.39781, 1.41438, 1.43095]
      - [1.52065, 1.50408, 1.48752, 1.47095, 1.45438, 1.43781, 1.42124, 1.40467, 1.3881, 1.37154, 1.35497, 1.3384, 1.32183, 1.30526, 1.28869, 1.27212, 1.25556, 1.23899, 1.22242, 1.20585, 1.18928, 1.17657, 1.16, 1.16, 1.16, 1.17657, 1.19314, 1.19314, 1.17657, 1.16, 1.16, 1.17657, 1.18928, 1.20585, 1.22242, 1.23899, 1.25556, 1.27212, 1.28869, 1.30526, 1.32183, 1.3384, 1.35497, 1.37154, 1.3881, 1.40467, 1.42124, 1.43781, 1.45438, 1.47095]
      - [1.56065, 1.54408, 1.52752, 1.51095, 1.49438, 1.47781, 1.46124, 1.44467, 1.4281, 1.41154, 1.39497, 1.3784, 1.36183, 1.34526, 1.32869, 1.31212, 1.29556, 1.27899, 1.26242, 1.24585, 1.22928, 1.21657, 1.2, 1.2, 1.2, 1.21657, 1.23314, 1.23314, 1.21657, 1.2, 1.2, 1.21657, 1.22928, 1.24585, 1.26242, 1.27899, 1.29556, 1.31212, 1.32869, 1.34526, 1.36183, 1.3784, 1.39497, 1.41154, 1.4281, 1.44467, 1.46124, 1.47781, 1.49438, 1.51095]
      - [1.60065, 1.58408, 1.56752, 1.55095, 1.53438, 1.51781, 1.50124, 1.48467, 1.4681, 1.45154, 1.43497, 1.4184, 1.40183, 1.38526, 1.36869, 1.35212, 1.33556, 1.31899, 1.30242, 1.28585, 1.26928, 1.25657, 1.24, 1.24, 1.24, 1.25657, 1.27314, 1.27314, 1.25657, 1.24, 1.24, 1.25657, 1.26928, 1.28585, 1.30242, 1.31899, 1.33556, 1.35212, 1.36869, 1.38526, 1.40183, 1.4184, 1.43497, 1.45154, 1.4681, 1.48467, 1.50124, 1.51781, 1.53438, 1.55095]
      - [1.64065, 1.62408, 1.60752, 1.59095, 1.57438, 1.55781, 1.54124, 1.52467, 1.5081, 1.49154, 1.47497, 1.4584, 1.44183, 1.42526, 1.40869, 1.39212, 1.37556, 1.35899, 1.34242, 1.32585, 1.30928, 1.29657, 1.28, 1.28, 1.28, 1.29657, 1.31314, 1.31314, 1.29657, 1.28, 1.28, 1.29657, 1.30928, 1.32585, 1.34242, 1.35899, 1.37556, 1.39212, 1.40869, 1.42526, 1.44183, 1.4584, 1.47497, 1.49154, 1.5081, 1.52467, 1.54124, 1.55781, 1.57438, 1.59095]
      - [1.68065, 1.66408, 1.64752, 1.63095, 1.61438, 1.59781, 1.58124, 1.56467, 1.5481, 1.53154, 1.51497, 1.4984, 1.48183, 1.46526, 1.44869, 1.43212, 1.41556, 1.39899, 1.38242, 1.36585, 1.34928, 1.33657, 1.32, 1.32, 1.32, 1.33657, 1.35314, 1.35314, 1.33657, 1.32, 1.32, 1.33657, 1.34928, 1.36585, 1.38242, 1.39899, 1.41556, 1.43212, 1.44869, 1.46526, 1.48183, 1.4984, 1.51497, 1.53154, 1.5481, 1.56467, 1.58124, 1.59781, 1.61438, 1.63095]
      - [1.68569, 1.66912, 1.65255, 1.63598, 1.61941, 1.60284, 1.58627, 1.56971, 1.55314, 1.53657, 1.52, 1.52, 1.52183, 1.50526, 1.48869, 1.47212, 1.45556, 1.43899, 1.42242, 1.40585, 1.38928, 1.37657, 1.36, 1.36, 1.36, 1.37657, 1.39314, 1.39314, 1.37657, 1.36, 1.36, 1.37657, 1.38928, 1.40585, 1.42242, 1.43899, 1.45556, 1.47212, 1.48869, 1.50526, 1.52183, 1.5384, 1.55497, 1.57154, 1.5881, 1.60467, 1.62124, 1.63781, 1.65438, 1.67095]
      - [1.68569, 1.66912, 1.65255, 1.63598, 1.61941, 1.60284, 1.58627, 1.56971, 1.55314, 1.53657, 1.52, 1.52, 1.53657, 1.54526, 1.52869, 1.51212, 1.49556, 1.47899, 1.46242, 1.44585, 1.42928, 1.41657, 1.4, 1.4, 1.4, 1.41657, 1.43314, 1.43314, 1.41657, 1.4, 1.4, 1.41657, 1.42928, 1.44585, 1.46242, 1.47899, 1.49556, 1.51212, 1.52869, 1.54526, 1.56183, 1.5784, 1.59497, 1.61154, 1.6281, 1.64467, 1.66124, 1.67781, 1.69438, 1.71095]
      - [1.68569, 1.66912, 1.65255, 1.63598, 1.61941, 1.60284, 1.58627, 1.56971, 1.55314, 1.53657, 1.52, 1.52, 1.53657, 1.55314, 1.56869, 1.55212, 1.53556, 1.51899, 1.50242, 1.48585, 1.46928, 1.45657, 1.44, 1.44, 1.44, 1.45657, 1.47314, 1.47314, 1.45657, 1.44, 1.44, 1.45657, 1.46928, 1.48585, 1.50242, 1.51899, 1.53556, 1.55212, 1.56869, 1.58526, 1.60183, 1.6184, 1.63497, 1.65154, 1.6681, 1.68467, 1.70124, 1.71781, 1.73438, 1.75095]
      - [1.68569, 1.66912, 1.65255, 1.63598, 1.61941, 1.60284, 1.58627, 1.56971, 1.55314, 1.53657, 1.52, 1.52, 1.53657, 1.55314, 1.56971, 1.58627, 1.57556, 1.55899, 1.54242, 1.52585, 1.50928, 1.49657, 1.48, 1.48, 1.48, 1.49657, 1.51314, 1.51314, 1.49657, 1.48, 1.48, 1.49657, 1.50928, 1.52585, 1.54242, 1.55899, 1.57556, 1.59212, 1.60869, 1.62526, 1.64183, 1.6584, 1.67497, 1.69154, 1.7081, 1.72467, 1.74124, 1.75781, 1.77438, 1.79095]
      - [1.68569, 1.66912, 1.65255, 1.63598, 1.61941, 1.60284, 1.58627, 1.56971, 1.55314, 1.53657, 1.52, 1.52, 1.53657, 1.55314, 1.56971, 1.58627, 1.60284, 1.59899, 1.58242, 1.56585, 1.54928, 1.53657, 1.52, 1.52, 1.52, 1.53657, 1.55314, 1.55314, 1.53657, 1.52, 1.52, 1.53657, 1.54928, 1.56585, 1.58242, 1.59899, 1.61556, 1.63212, 1.64869, 1.66526, 1.68183, 1.6984, 1.71497, 1.73154, 1.7481, 1.76467, 1.78124, 1.79781, 1.81438, 1.83095]
      - [1.68569, 1.66912, 1.65255, 1.63598, 1.61941, 1.60284, 1.58627, 1.56971, 1.55314, 1.53657, 1.52, 1.52, 1.53657, 1.55314, 1.56971, 1.58627, 1.60284, 1.61941, 1.62242, 1.60585, 1.58928, 1.57657, 1.56, 1.56, 1.56, 1.57657, 1.59314, 1.59314, 1.57657, 1.56, 1.56, 1.57657, 1.58928, 1.60585, 1.62242, 1.63899, 1.65556, 1.67212, 1.68869, 1.70526, 1.72183, 1.7384, 1.75497, 1.77154, 1.7881, 1.80467, 1.82124, 1.83781, 1.85438, 1.87095]
      - [1.68569, 1.66912, 1.65255, 1.63598, 1.61941, 1.60284, 1.58627, 1.56971, 1.55314, 1.53657, 1.52, 1.52, 1.53657, 1.55314, 1.56971, 1.58627, 1.60284, 1.61941, 1.63598, 1.64585, 1.62928, 1.61657, 1.6, 1.6, 1.6, 1.61657, 1.63314, 1.63314, 1.61657, 1.6, 1.6, 1.61657, 1.62928, 1.64585, 1.66242, 1.67899, 1.69556, 1.71212, 1.72869, 1.74526, 1.76183, 1.7784, 1.79497, 1.81154, 1.8281, 1.84467, 1.86124, 1.87781, 1.89438, 1.91095]
      - [1.68569, 1.66912, 1.65255, 1.63598, 1.61941, 1.60284, 1.58627, 1.56971, 1.55314, 1.53657, 1.52, 1.52, 1.53657, 1.55314, 1.56971, 1.58627, 1.60284, 1.61941, 1.63598, 1.65255, 1.66912, 1.65657, 1.64, 1.64, 1.64, 1.65657, 1.67314, 1.67314, 1.65657, 1.64, 1.64, 1.65657, 1.66928, 1.68585, 1.70242, 1.71899, 1.73556, 1.75212, 1.76869, 1.78526, 1.80183, 1.8184, 1.83497, 1.85154, 1.8681, 1.88467, 1.90124, 1.91781, 1.93438, 1.95095]
      - [1.68569, 1.66912, 1.65255, 1.63598, 1.61941, 1.60284, 1.58627, 1.56971, 1.55314, 1.53657, 1.52, 1.52, 1.53657, 1.55314, 1.56971, 1.58627, 1.60284, 1.61941, 1.63598, 1.65255, 1.66912, 1.68569, 1.68, 1.68, 1.68, 1.69657, 1.71314, 1.71314, 1.69657, 1.68, 1.68, 1.69657, 1.70928, 1.72585, 1.74242, 1.75899, 1.77556, 1.79212, 1.80869, 1.82526, 1.84183, 1.8584, 1.87497, 1.89154, 1.9081, 1.92467, 1.94124, 1.95781, 1.97438, 1.99095]
      - [1.68569, 1.66912, 1.65255, 1.63598, 1.61941, 1.60284, 1.58627, 1.56971, 1.55314, 1.53657, 1.52, 1.52, 1.53657, 1.55314, 1.56971, 1.58627, 1.60284, 1.61941, 1.63598, 1.65255, 1.66912, 1.68569, 1.70225, 1.71882, 1.72, 1.73657, 1.75314, 1.75314, 1.73657, 1.72, 1.72, 1.73657, 1.74928, 1.76585, 1.78242, 1.79899, 1.81556, 1.83212, 1.84869, 1.86526, 1.88183, 1.8984, 1.91497, 1.93154, 1.9481, 1.96467, 1.98124, 1.99781, 2.01438, 2.03095]
      - [1.68569, 1.66912, 1.65255, 1.63598, 1.61941, 1.60284, 1.58627, 1.56971, 1.55314, 1.53657, 1.52, 1.52, 1.53657, 1.55314, 1.56971, 1.58627, 1.60284, 1.61941, 1.63598, 1.65255, 1.66912, 1.68569, 1.70225, 1.71882, 1.73539, 1.75196, 1.76853, 1.7851, 1.77657, 1.76, 1.76, 1.77657, 1.78928, 1.80585, 1.82242, 1.83899, 1.85556, 1.87212, 1.88869, 1.90526, 1.92183, 1.9384, 1.95497, 1.97154, 1.9881, 2.00467, 2.02124, 2.03781, 2.05438, 2.07095]
      - [1.68569, 1.66912, 1.65255, 1.63598, 1.61941, 1.60284, 1.58627, 1.56971, 1.55314, 1.53657, 1.52, 1.52, 1.53657, 1.55314, 1.56971, 1.58627, 1.60284, 1.61941, 1.63598, 1.65255, 1.66912, 1.68569, 1.70225, 1.71882, 1.73539, 1.75196, 1.76853, 1.7851, 1.80167, 1.8, 1.8, 1.81657, 1.82928, 1.84585, 1.86242, 1.87899, 1.89556, 1.91212, 1.92869, 1.94526, 1.96183, 1.9784, 1.99497, 2.01154, 2.0281, 2.04467, 2.06124, 2.07781, 2.09438, 2.11095]
      - [1.6984, 1.68183, 1.66526, 1.64869, 1.63212, 1.61556, 1.59899, 1.58242, 1.56585, 1.54928, 1.53657, 1.53657, 1.54928, 1.56585, 1.58242, 1.59899, 1.61556, 1.63212, 1.64869, 1.66526, 1.68183, 1.6984, 1.71497, 1.73154, 1.7481, 1.76467, 1.78124, 1.79781, 1.81438, 1.83095, 1.84, 1.85657, 1.86928, 1.88585, 1.90242, 1.91899, 1.93556, 1.95212, 1.96869, 1.98526, 2.00183, 2.0184, 2.03497, 2.05154, 2.0681, 2.08467, 2.10124, 2.11781, 2.13438, 2.15095]
      - [1.71111, 1.69454, 1.67798, 1.66141, 1.64484, 1.62827, 1.6117, 1.59513, 1.57856, 1.56585, 1.55314, 1.55314, 1.56585, 1.57856, 1.59513, 1.6117, 1.62827, 1.64484, 1.66141, 1.67798, 1.69454, 1.71111, 1.72768, 1.74425, 1.76082, 1.77739, 1.79396, 1.81052, 1.82709, 1.84366, 1.86023, 1.8768, 1.89337, 1.90993, 1.9265, 1.94307, 1.95964, 1.97621, 1.99278, 2.00935, 2.02591, 2.04248, 2.05905, 2.07562, 2.09219, 2.10876, 2.12533, 2.14189, 2.15846, 2.17503]
      - [1.72383, 1.70726, 1.69069, 1.67412, 1.65755, 1.64098, 1.62441, 1.60785, 1.59513, 1.58242, 1.56971, 1.56971, 1.58242, 1.59513, 1.60785, 1.62441, 1.64098, 1.65755, 1.67412, 1.69069, 1.70726, 1.72383, 1.74039, 1.75696, 1.77353, 1.7901, 1.80667, 1.82324, 1.83981, 1.85637, 1.87294, 1.88951, 1.90608, 1.92265, 1.93922, 1.95579, 1.97235, 1.98892, 2.00549, 2.02206, 2.03863, 2.0552, 2.07177, 2.08833, 2.1049, 2.12147, 2.13804, 2.15461, 2.17118, 2.18775]
      - [1.73654, 1.71997, 1.7034, 1.68683, 1.67027, 1.6537, 1.63713, 1.62441, 1.6117, 1.59899, 1.58627, 1.58627, 1.59899, 1.6117, 1.62441, 1.63713, 1.6537, 1.67027, 1.68683, 1.7034, 1.71997, 1.73654, 1.75311, 1.76968, 1.78625, 1.80281, 1.81938, 1.83595, 1.85252, 1.86909, 1.88566, 1.90222, 1.91879, 1.93536, 1.95193, 1.9685, 1.98507, 2.00164, 2.0182, 2.03477, 2.05134, 2.06791, 2.08448, 2.10105, 2.11762, 2.13418, 2.15075, 2.16732, 2.18389, 2.20046]
      - [1.74925, 1.73268, 1.71612, 1.69955, 1.68298, 1.66641, 1.6537, 1.64098, 1.62827, 1.61556, 1.60284, 1.60284, 1.61556, 1.62827, 1.64098, 1.6537, 1.66641, 1.68298, 1.69955, 1.71612, 1.73268, 1.74925, 1.76582, 1.78239, 1.79896, 1.81553, 1.8321, 1.84866, 1.86523, 1.8818, 1.89837, 1.91494, 1.93151, 1.94808, 1.96464, 1.98121, 1.99778, 2.01435, 2.03092, 2.04749, 2.06406, 2.08062, 2.09719, 2.11376, 2.13033, 2.1469, 2.16347, 2.18003, 2.1966, 2.21317]
      - [1.76197, 1.7454, 1.72883, 1.71226, 1.69569, 1.68298, 1.67027, 1.65755, 1.64484, 1.63212, 1.61941, 1.61941, 1.63212, 1.64484, 1.65755, 1.67027, 1.68298, 1.69569, 1.71226, 1.72883, 1.7454, 1.76197, 1.77853, 1.7951, 1.81167, 1.82824, 1.84481, 1.86138, 1.87795, 1.89451, 1.91108, 1.92765, 1.94422, 1.96079, 1.97736, 1.99393, 2.01049, 2.02706, 2.04363, 2.0602, 2.07677, 2.09334, 2.10991, 2.12647, 2.14304, 2.15961, 2.17618, 2.19275, 2.20932, 2.22589]
      - [1.77468, 1.75811, 1.74154, 1.72497, 1.71226, 1.69955, 1.68683, 1.67412, 1.66141, 1.64869, 1.63598, 1.63598, 1.64869, 1.66141, 1.67412, 1.68683, 1.69955, 1.71226, 1.72497, 1.74154, 1.75811, 1.77468, 1.79125, 1.80782, 1.82439, 1.84095, 1.85752, 1.87409, 1.89066, 1.90723, 1.9238, 1.94037, 1.95693, 1.9735, 1.99007, 2.00664, 2.02321, 2.03978, 2.05635, 2.07291, 2.08948, 2.10605, 2.12262, 2.13919, 2.15576, 2.17232, 2.18889, 2.20546, 2.22203, 2.2386]
      - [1.78739, 1.77082, 1.75426, 1.74154, 1.72883, 1.71612, 1.7034, 1.69069, 1.67798, 1.66526, 1.65255, 1.65255, 1.66526, 1.67798, 1.69069, 1.7034, 1.71612, 1.72883, 1.74154, 1.75426, 1.77082, 1.78739, 1.80396, 1.82053, 1.8371, 1.85367, 1.87024, 1.8868, 1.90337, 1.91994, 1.93651, 1.95308, 1.96965, 1.98622, 2.00278, 2.01935, 2.03592, 2.05249, 2.06906, 2.08563, 2.1022, 2.11876, 2.13533, 2.1519, 2.16847, 2.18504, 2.20161, 2.21818, 2.23474, 2.25131]
      - [1.80011, 1.78354, 1.77082, 1.75811, 1.7454, 1.73268, 1.71997, 1.70726, 1.69454, 1.68183, 1.66912, 1.66912, 1.68183, 1.69454, 1.70726, 1.71997, 1.73268, 1.7454, 1.75811, 1.77082, 1.78354, 1.80011, 1.81668, 1.83324, 1.84981, 1.86638, 1.88295, 1.89952, 1.91609, 1.93266, 1.94922, 1.96579, 1.98236, 1.99893, 2.0155, 2.03207, 2.04863, 2.0652, 2.08177, 2.09834, 2.11491, 2.13148, 2.14805, 2.16461, 2.18118, 2.19775, 2.21432, 2.23089, 2.24746, 2.26403]
      - [1.81282, 1.80011, 1.78739, 1.77468, 1.76197, 1.74925, 1.73654, 1.72383, 1.71111, 1.6984, 1.68569, 1.68569, 1.6984, 1.71111, 1.72383, 1.73654, 1.74925, 1.76197, 1.77468, 1.78739, 1.80011, 1.81282, 1.82939, 1.84596, 1.86253, 1.87909, 1.89566, 1.91223, 1.9288, 1.94537, 1.96194, 1.97851, 1.99507, 2.01164, 2.02821, 2.04478, 2.06135, 2.07792, 2.09449, 2.11105, 2.12762, 2.14419, 2.16076, 2.17733, 2.1939, 2.21047, 2.22703, 2.2436, 2.26017, 2.27674]
      - [1.82939, 1.81668, 1.80396, 1.79125, 1.77853, 1.76582, 1.75311, 1.74039, 1.72768, 1.71497, 1.70225, 1.70225, 1.71497, 1.72768, 1.74039, 1.75311, 1.76582, 1.77853, 1.79125, 1.80396, 1.81668, 1.82939, 1.8421, 1.85867, 1.87524, 1.89181, 1.90838, 1.92495, 1.94151, 1.95808, 1.97465, 1.99122, 2.00779, 2.02436, 2.04092, 2.05749, 2.07406, 2.09063, 2.1072, 2.12377, 2.14034, 2.1569, 2.17347, 2.19004, 2.20661, 2.22318, 2.23975, 2.25632, 2.27288, 2.28945]
      - [1.84596, 1.83324, 1.82053, 1.80782, 1.7951, 1.78239, 1.76968, 1.75696, 1.74425, 1.73154, 1.71882, 1.71882, 1.73154, 1.74425, 1.75696, 1.76968, 1.78239, 1.7951, 1.80782, 1.82053, 1.83324, 1.84596, 1.85867, 1.87138, 1.88795, 1.90452, 1.92109, 1.93766, 1.95423, 1.9708, 1.98736, 2.00393, 2.0205, 2.03707, 2.05364, 2.07021, 2.08678, 2.10334, 2.11991, 2.13648, 2.15305, 2.16962, 2.18619, 2.20276, 2.21932, 2.23589, 2.25246, 2.26903, 2.2856, 2.30217]
      - [1.86253, 1.84981, 1.8371, 1.82439, 1.81167, 1.79896, 1.78625, 1.77353, 1.76082, 1.7481, 1.73539, 1.73539, 1.7481, 1.76082, 1.77353, 1.78625, 1.79896, 1.81167, 1.82439, 1.8371, 1.84981, 1.86253, 1.87524, 1.88795, 1.90067, 1.91723, 1.9338, 1.95037, 1.96694, 1.98351, 2.00008, 2.01665, 2.03321, 2.04978, 2.06635, 2.08292, 2.09949, 2.11606, 2.13263, 2.14919, 2.16576, 2.18233, 2.1989, 2.21547, 2.23204, 2.24861, 2.26517, 2.28174, 2.29831, 2.31488]
      - [1.87909, 1.86638, 1.85367, 1.84095, 1.82824, 1.81553, 1.80281, 1.7901, 1.77739, 1.76467, 1.75196, 1.75196, 1.76467, 1.77739, 1.7901, 1.80281, 1.81553, 1.82824, 1.84095, 1.85367, 1.86638, 1.87909, 1.89181, 1.90452, 1.91723, 1.92995, 1.94652, 1.96309, 1.97965, 1.99622, 2.01279, 2.02936, 2.04593, 2.0625, 2.07907, 2.09563, 2.1122, 2.12877, 2.14534, 2.16191, 2.17848, 2.19505, 2.21161, 2.22818, 2.24475, 2.26132, 2.27789, 2.29446, 2.31102, 2.32759]
      - [1.89566, 1.88295, 1.87024, 1.85752, 1.84481, 1.8321, 1.81938, 1.80667, 1.79396, 1.78124, 1.76853, 1.76853, 1.78124, 1.79396, 1.80667, 1.81938, 1.8321, 1.84481, 1.85752, 1.87024, 1.88295, 1.89566, 1.90838, 1.92109, 1.9338, 1.94652, 1.95923, 1.9758, 1.99237, 2.00894, 2.0255, 2.04207, 2.05864, 2.07521, 2.09178, 2.10835, 2.12492, 2.14148, 2.15805, 2.17462, 2.19119, 2.20776, 2.22433, 2.2409, 2.25746, 2.27403, 2.2906, 2.30717, 2.32374, 2.34031]
      - [1.91223, 1.89952, 1.8868, 1.87409, 1.86138, 1.84866, 1.83595, 1.82324, 1.81052, 1.79781, 1.7851, 1.7851, 1.79781, 1.81052, 1.82324, 1.83595, 1.84866, 1.86138, 1.87409, 1.8868, 1.89952, 1.91223, 1.92495, 1.93766, 1.95037, 1.96309, 1.9758, 1.98851, 2.00508, 2.02165, 2.03822, 2.05479, 2.07136, 2.08792, 2.10449, 2.12106, 2.13763, 2.1542, 2.17077, 2.18734, 2.2039, 2.22047, 2.23704, 2.25361, 2.27018, 2.28675, 2.30331, 2.31988, 2.33645, 2.35302]
      - [1.9288, 1.91609, 1.90337, 1.89066, 1.87795, 1.86523, 1.85252, 1.83981, 1.82709, 1.81438, 1.80167, 1.80167, 1.81438, 1.82709, 1.83981, 1.85252, 1.86523, 1.87795, 1.89066, 1.90337, 1.91609, 1.9288, 1.94151, 1.95423, 1.96694, 1.97965, 1.99237, 2.00508, 2.01779, 2.03436, 2.05093, 2.0675, 2.08407, 2.10064, 2.11721, 2.13377, 2.15034, 2.16691, 2.18348, 2.20005, 2.21662, 2.23319, 2.24975, 2.26632, 2.28289, 2.29946, 2.31603, 2.3326, 2.34917, 2.36573]
      - [1.94537, 1.93266, 1.91994, 1.90723, 1.89451, 1.8818, 1.86909, 1.85637, 1.84366, 1.83095, 1.81823, 1.81823, 1.83095, 1.84366, 1.85637, 1.86909, 1.8818, 1.89451, 1.90723, 1.91994, 1.93266, 1.94537, 1.95808, 1.9708, 1.98351, 1.99622, 2.00894, 2.02165, 2.03436, 2.04708, 2.06365, 2.08021, 2.09678, 2.11335, 2.12992, 2.14649, 2.16306, 2.17962, 2.19619, 2.21276, 2.22933, 2.2459, 2.26247, 2.27904, 2.2956, 2.31217, 2.32874, 2.34531, 2.36188, 2.37845]
      - [1.96194, 1.94922, 1.93651, 1.9238, 1.91108, 1.89837, 1.88566, 1.87294, 1.86023, 1.84752, 1.8348, 1.8348, 1.84752, 1.86023, 1.87294, 1.88566, 1.89837, 1.91108, 1.9238, 1.93651, 1.94922, 1.96194, 1.97465, 1.98736, 2.00008, 2.01279, 2.0255, 2.03822, 2.05093, 2.06365, 2.07636, 2.09293, 2.1095, 2.12606, 2.14263, 2.1592, 2.17577, 2.19234, 2.20891, 2.22548, 2.24204, 2.25861, 2.27518, 2.29175, 2.30832, 2.32489, 2.34146, 2.35802, 2.37459, 2.39116]
      - [1.97851, 1.96579, 1.95308, 1.94037, 1.92765, 1.91494, 1.90222, 1.88951, 1.8768, 1.86408, 1.85137, 1.85137, 1.86408, 1.8768, 1.88951, 1.90222, 1.91494, 1.92765, 1.94037, 1.95308, 1.96579, 1.97851, 1.99122, 2.00393, 2.01665, 2.02936, 2.04207, 2.05479, 2.0675, 2.08021, 2.09293, 2.10564, 2.12221, 2.13878, 2.15535, 2.17191, 2.18848, 2.20505, 2.22162, 2.23819, 2.25476, 2.27133, 2.28789, 2.30446, 2.32103, 2.3376, 2.35417, 2.37074, 2.38731, 2.40387]
